<?xml version="1.0" encoding="UTF-8" standalone="no"?>
<!DOCTYPE svg PUBLIC "-//W3C//DTD SVG 20010904//EN"
              "http://www.w3.org/TR/2001/REC-SVG-20010904/DTD/svg10.dtd">

<svg xmlns="http://www.w3.org/2000/svg"
    width="135.45mm" height="112.963mm"
    viewBox="0 0 512 427">
	
	<circle id="FrontWheel" r="43" cx="384" cy="384" fill="none" stroke="black" stroke-width="3" />
	<circle id="BackWheel" r="43" cx="235" cy="384" fill="none" stroke="black" stroke-width="3" />
  <path id="Cart"
        fill="none" stroke="black" stroke-width="3"
        d="M 15.00,0.64
           C 15.00,0.64 47.08,0.43 47.08,0.43
             47.08,0.43 73.08,0.43 73.08,0.43
             90.44,0.46 108.31,7.75 119.70,21.00
             131.54,34.77 133.89,50.30 139.02,67.00
             140.34,71.28 142.38,81.79 146.14,83.98
             148.23,85.20 151.62,85.00 154.00,85.00
             154.00,85.00 429.00,85.00 429.00,85.00
             429.00,85.00 456.00,85.00 456.00,85.00
             456.00,85.00 468.00,85.00 468.00,85.00
             485.85,85.08 501.35,93.36 508.97,110.00
             511.82,116.23 511.31,117.32 511.32,124.07
             511.32,124.07 511.15,131.05 511.15,131.05
             510.73,137.87 507.63,149.07 505.33,156.00
             505.33,156.00 493.33,194.00 493.33,194.00
             493.33,194.00 475.02,252.00 475.02,252.00
             472.17,261.20 466.79,280.29 462.68,288.00
             451.00,309.89 429.30,320.96 405.00,321.00
             405.00,321.00 218.00,321.00 218.00,321.00
             195.35,320.96 174.55,311.46 162.09,292.00
             156.74,283.64 154.33,273.42 151.58,264.00
             151.58,264.00 141.58,230.00 141.58,230.00
             141.58,230.00 108.14,117.00 108.14,117.00
             108.14,117.00 94.86,72.00 94.86,72.00
             92.43,63.45 90.98,54.30 83.98,48.21
             78.35,43.31 71.13,43.01 64.00,43.00
             64.00,43.00 21.00,43.00 21.00,43.00
             11.92,42.89 3.99,38.06 1.17,28.92
             0.40,26.43 0.48,22.58 0.53,19.92
             0.68,10.34 6.31,3.91 15.00,0.64 Z" />
</svg>
