<?xml version="1.0" encoding="UTF-8" standalone="no"?>
<!DOCTYPE svg PUBLIC "-//W3C//DTD SVG 20010904//EN"
              "http://www.w3.org/TR/2001/REC-SVG-20010904/DTD/svg10.dtd">

<svg xmlns="http://www.w3.org/2000/svg"
     width="1.66667in" height="1.66667in"
     viewBox="0 0 500 500">
  <path id="Selection #1"
        fill="none" stroke="black" stroke-width="1"
        d="M 239.00,0.21
           C 239.00,0.21 253.00,0.21 253.00,0.21
             266.55,0.02 284.49,3.82 297.00,9.01
             319.70,18.42 339.36,33.58 353.25,54.00
             386.24,102.49 381.54,169.99 340.00,212.00
             329.35,222.76 319.65,230.25 306.00,236.89
             285.49,246.87 267.67,250.26 245.00,250.00
             229.49,249.81 211.00,244.83 197.00,238.29
             139.07,211.24 110.13,143.32 132.05,83.00
             145.17,46.91 172.68,19.36 209.00,6.69
             219.11,3.17 228.54,1.94 239.00,0.21 Z" />
  <path id="Selection"
        fill="none" stroke="black" stroke-width="1"
        d="M 0.00,500.00
           C 0.00,464.40 7.11,431.70 21.15,399.00
             33.72,369.73 52.48,343.42 75.00,321.00
             94.54,301.55 122.59,282.45 148.00,271.58
             175.25,259.92 200.38,253.08 230.00,250.91
             230.00,250.91 240.00,250.00 240.00,250.00
             269.33,249.66 295.82,252.27 324.00,261.02
             398.78,284.27 458.97,341.05 485.31,415.00
             495.03,442.31 500.00,471.05 500.00,500.00
             500.00,500.00 0.00,500.00 0.00,500.00 Z" />
</svg>
